10000
159389	439186	276098	653134	912102
470995	409830	654843	308614	125069
543678	765789	216309	181555	445688
587269	705597	317962	72893	926411
443967	829821	532356	508422	64477
97655	831654	22253	583180	435737
553819	145970	987524	663019	374173
521971	734369	797969	441189	518322
737000	336361	707426	510816	360303
472073	539712	164525	228249	686016
22616	584619	332160	581304	775943
787797	768110	353607	344148	589956
671463	109891	787507	877192	669656
979223	264155	312911	984782	704164
431598	101278	404259	952727	715807
80425	598999	257205	261912	42626
553456	730241	808271	356060	158673
362270	191760	861133	593451	614835
403235	670614	432161	460284	211252
90997	116525	687237	375828	175089
408033	266977	507992	729520	937949
893891	416282	933465	644101	704167
470652	112518	715295	214744	93334
313817	222000	707765	404330	862377
21644	358325	995842	292312	514321
884072	389240	206748	901656	674118
505488	620916	828726	644475	798430
141638	838764	984919	629218	483114
608792	211390	47071	826394	619855
323979	11704	752134	986700	414558
958007	690609	348255	851657	752928
111742	457828	394844	33179	603080
165887	974434	945260	313381	68509
629258	337628	179231	735083	241658
425999	462306	901265	192144	152289
514179	258602	165092	482933	343807
563426	392083	876311	162282	118414
312542	15456	727976	512233	522444
749713	920427	297811	448369	930438
763124	763237	475365	902837	305637
3947	216165	47022	846749	877060
74309	782643	196572	870356	456111
659403	71346	796437	406510	66684
184449	679688	388229	193510	921602
132824	649172	378513	666355	810739
455195	95233	905848	890340	603428
110157	920731	304724	284987	716649
844985	962521	993208	36280	261758
617662	181007	271174	202419	239170
351191	689761	856646	555226	483611
91589	206695	199924	166141	674012
203174	878399	6832	753769	703124
784408	381412	134101	932284	333626
513795	288313	250246	912244	483859
931019	154848	41789	462703	692016
645130	417242	334079	425937	570723
846947	476353	379951	776976	824119
515063	942920	851324	294608	431066
180297	496655	936385	719047	320718
30855	384114	634719	504978	574163
677256	649313	840573	979652	865796
298868	279639	656419	184418	246579
972177	921610	134116	886333	610782
698598	491147	356903	805610	108691
270430	933929	763435	691997	56579
942408	600140	551203	907811	162600
343753	770249	943881	387293	555635
345601	818738	956209	892673	94500
870660	485334	935549	569342	395501
410986	652191	972777	762467	940741
851447	78956	696839	412575	844741
800279	414523	96139	886184	989484
583717	270013	708744	478661	841856
896864	329094	640786	495752	431207
363802	911275	155593	988912	563366
826477	215545	31715	367557	366409
96410	986742	331911	279940	644737
314955	972300	749405	245501	337271
264136	469346	43166	902831	328710
403613	610218	507151	121004	213835
712358	202307	528907	436046	189306
734066	626053	203004	991050	406369
979814	222059	235020	671129	241500
689811	560175	493533	762037	599763
209190	698437	532437	696069	214610
187810	260990	101121	301440	371220
986870	570039	852339	77068	260674
937384	240237	35158	574701	992717
504903	712665	780941	927830	611833
496921	680437	940170	124920	405717
4486	188626	746388	93340	808068
281258	259788	768302	749568	742620
710684	734759	233975	906357	65527
7897	113860	765664	420875	612652
4221	804061	17683	23677	361733
845510	633954	871117	49231	268919
451218	435209	15070	66195	780713
555579	69216	924564	512510	441074
558611	684694	569029	185388	962568
387255	678103	711720	800317	791171
682944	510920	793634	361549	281295
487387	847281	966527	455460	166744
569594	252537	984494	588227	517409
669643	562307	636398	240138	810577
63467	501060	816944	3618	984710
951569	978345	636646	173196	278776
983151	166000	349128	525188	250052
733253	799124	331694	574993	199890
929221	137611	529701	708740	964383
869004	220562	647958	364214	903020
839460	758315	907634	590980	273651
949033	804690	666506	494710	619935
864680	988326	591692	750700	507252
651642	49543	653149	802573	867847
302233	838440	453096	171312	317599
495460	99003	141818	753848	907445
831416	760336	527935	902784	892929
590418	380395	968620	877654	864458
104105	719226	60019	75408	566295
173410	871368	308690	647922	394510
439182	884596	19748	488381	390141
123517	453127	448220	942439	592269
373133	195099	465218	142215	746215
60441	255429	158383	171160	685783
375587	361657	815503	542556	664794
68230	954055	878730	337581	24693
456194	368336	596039	963774	578614
493584	122951	340013	863220	86530
323364	473296	34413	520497	461973
475494	283735	812033	28824	148179
843558	931381	934389	721045	187322
575895	744870	925047	423116	951484
109788	874642	696616	597456	617659
548150	417169	904791	596703	557892
686250	33044	532886	720850	697636
613309	499287	47334	893971	623358
703778	794839	464822	134179	645680
537772	854891	923020	657381	341947
62470	302261	923324	725927	85036
579148	383310	277917	473860	32937
179396	358378	755671	404626	751787
793071	947029	967223	691034	978583
986812	413145	863849	371787	266912
725124	827817	606841	172891	69758
726904	763890	991397	406588	713624
86034	448749	954615	83397	862670
531479	329717	912678	58862	493830
934919	994078	347462	575444	698580
716129	267032	463300	402843	109942
550870	662964	868973	595601	437937
797739	43197	608011	375735	628488
187582	207880	374951	973466	341947
114264	840100	935259	203220	646843
481473	75806	207999	498530	716758
899614	651021	778361	37033	987052
609190	212874	982762	203126	547843
939665	280514	348344	910170	584134
125024	373016	970431	708355	428271
29727	171529	695130	371281	118883
455293	188871	518557	540905	306926
791623	41876	901146	118797	929026
734802	162121	142667	306160	193812
253865	302881	7806	214063	463988
139572	492465	953885	915247	5308
932802	639524	658148	908425	185875
465711	774512	752907	592003	865648
266141	61732	201935	728095	470523
133642	425567	744102	768932	148810
255956	335759	504434	103713	241274
744819	416482	122512	168201	445414
441826	904187	595545	507210	529983
626762	821833	684708	3471	892589
89587	69149	67444	952207	714227
340908	578495	91391	909646	20228
603644	809298	441543	569005	297543
986143	487357	112438	367826	91809
394585	891495	124284	702290	639112
534819	566820	678345	533185	730499
467193	56271	606182	249667	541032
977492	15915	482683	355755	928295
970234	998366	464999	444531	191328
985070	206505	535960	8950	670113
987783	2043	403810	315447	253179
445093	594584	176426	62315	466324
306265	315597	904252	302422	645678
561921	667956	883819	76520	569326
506824	128189	976082	386614	533369
946033	342848	618627	203186	398836
313931	363024	784123	777183	679353
79739	814150	216023	321696	140191
973667	824929	973209	315967	408241
484448	425954	50387	550685	690035
462723	70910	214490	850553	474733
450460	731982	240380	530703	194498
294950	206436	530158	907187	143750
198990	787079	534251	299810	293322
308093	342529	823041	531700	129810
431539	3896	688570	806358	255526
718351	542406	636046	837055	877499
443388	861362	577793	98606	412691
147301	537745	605570	32130	322574
666519	491394	981026	513082	83802
15193	946107	541452	187322	883252
54282	445043	449759	480913	222974
103535	97984	933985	284350	107723
638999	444504	992577	429655	764576
385814	399797	297685	834896	188188
280586	559488	987519	868209	887860
602730	303071	762766	879445	187475
25061	855594	284344	280567	982768
518451	633470	923960	278894	633442
918095	36192	706327	399060	990809
772381	953585	248328	838853	740404
608619	690475	721445	785148	965180
884165	901142	756168	413475	771244
285808	601065	712126	5007	706051
921996	600502	69184	221932	298322
611360	608496	381659	704563	888400
653652	113013	959788	433683	349934
88583	293504	485355	603955	714252
904647	50881	475440	249985	666247
686018	511421	806998	221948	367655
148736	148843	377416	265312	600777
979244	982424	422619	779645	518499
125728	927467	819749	327507	352423
371413	287423	900728	867956	534745
787678	978502	779301	336812	580980
151712	318743	331414	203024	46334
828266	322077	711804	972219	222955
478402	631339	929491	796004	503913
418836	331743	119636	58527	216497
230268	116318	207578	741242	361531
139563	191427	463790	315112	142870
819826	684185	68193	542144	391276
327153	747208	973649	150636	511266
26883	418330	398794	128066	104885
314635	893775	522357	281668	619657
903723	918634	897615	655475	90692
362545	516821	596129	439298	531798
287991	643232	936115	148501	738145
361553	22408	867881	222540	608939
226896	83230	441080	238642	452532
297771	814035	90247	25395	179562
716383	112841	331100	159929	902267
556991	621981	358740	633324	607912
778680	656966	701638	205225	956510
624664	151905	952506	208652	998541
158968	41247	347255	643319	964065
808432	243024	369552	789304	170516
856318	870968	213378	663776	63237
933252	197432	188541	163609	183973
294276	256500	868353	214821	930771
542511	751607	685235	107942	304095
335216	289042	292734	906695	196032
623961	498990	978815	733029	341810
34664	764474	515878	192267	174077
916453	25337	750393	192702	528457
932555	798784	761966	824825	633488
256383	594632	360271	193478	633925
619939	605077	277658	680115	345077
527337	787181	296858	159461	483798
727270	861450	702369	474303	543211
960808	186482	141554	381049	52154
739715	906748	305616	193145	939373
33459	420072	976265	399285	623962
879208	8952	899642	205320	911289
367191	651402	414846	667905	655393
692609	790097	142787	824905	578218
362485	19476	851101	448527	943075
561899	472449	671170	65665	882242
908390	146348	613083	805188	415869
203828	119171	367603	522366	736753
219066	3896	337354	914406	529277
837502	114545	482499	309598	315617
433963	996662	84505	952419	461245
309117	487365	966086	435492	18895
766878	848904	887263	571524	699349
326951	539215	606204	585013	14809
686047	461156	47701	918964	107345
26753	412157	73877	986468	85159
966353	729484	6921	350796	282223
998761	301461	717281	512877	431
604938	326787	58763	314528	616256
413378	850501	33061	669689	860176
53693	29965	393817	927573	947284
372430	341205	204987	187134	294879
42161	502809	421975	734192	758206
985230	712309	624543	140041	764546
791612	643700	925256	236407	951106
362276	828308	289767	447895	11316
993957	990871	504418	363940	440450
732612	317066	843353	5760	763683
681516	774387	954865	296036	556107
53318	124945	855511	494132	962367
847163	893007	552083	883536	458813
710994	293145	332603	647807	813984
340863	660315	444553	349679	790074
1117	5185	193735	396783	920541
111292	463145	464840	348688	262802
170892	519602	907269	211962	755842
23276	7957	733898	919980	279608
876928	759555	391204	351995	292063
410826	140021	267681	700129	594124
164978	903718	419095	953342	361980
33166	441354	887386	178504	738896
686500	255297	847952	487556	224062
239518	242182	123897	179376	950059
910413	8126	592372	788906	418674
139178	80347	762908	572856	769609
364562	928858	83667	562297	530656
439276	402682	80252	35449	378089
752558	314052	276631	777179	154389
438860	387461	125394	802881	930544
46829	552581	555271	354090	227893
126268	136509	309965	749694	613284
426934	292631	275903	893336	609060
813942	721096	238850	734364	414349
153933	739891	317184	941870	77833
896067	937124	854446	373429	917207
276071	71244	565555	746868	878419
377246	697390	679823	353029	326144
112115	46682	315426	858003	879982
500938	751911	441833	234794	817158
987453	640298	472551	325583	982468
116567	528175	519723	803435	260842
337599	539680	686212	444019	887706
277058	372260	400450	151920	277487
920067	898062	781735	165779	667572
423186	310276	232909	982879	225373
283853	808373	908827	219506	48114
87762	156713	769749	68066	358454
676054	887925	574505	44724	593618
671387	718279	85077	499769	854267
58121	172586	825034	691563	105329
415189	75367	8420	622024	25454
45672	764329	556255	44879	617170
550734	40935	572883	28453	764993
772234	330614	116254	969407	425473
469284	49344	210984	65694	384041
35319	520595	177298	483901	442110
644685	996549	177056	484388	5314
767656	305535	554681	215780	509953
77444	83857	108438	517746	124928
944232	158125	259341	61443	920119
366957	741844	285638	365294	315011
145530	876331	958090	31781	936294
941727	971134	346048	390199	642952
715085	481539	775755	588454	815272
539259	828442	603485	817607	275890
689429	724483	313925	740291	374309
310052	143064	839495	85538	297080
541288	51485	114513	454807	360927
286730	566108	26336	787470	275178
172659	665789	537234	64599	388104
14291	486096	327897	703862	585583
248140	665971	191068	988942	326999
24704	151636	581074	499326	246689
220815	495288	122510	543027	341054
913325	323279	4401	22338	141851
426705	221233	576691	224240	686458
302337	478555	117547	128023	205993
91347	218649	898600	668215	899576
71910	557758	608236	338719	169294
701527	429680	89735	459969	603703
365920	591574	997260	919489	204394
429235	312234	604623	820932	532213
938846	332706	287092	558037	556095
672450	18468	462331	986724	314634
946431	38941	20375	706688	871943
83983	28220	748083	258927	937803
472335	873982	141062	886364	390432
621569	660423	471941	35436	870793
178815	981652	970809	498159	447342
699174	32232	334199	971552	949376
264387	497334	707738	736519	819095
272301	750400	513086	716808	131121
932427	618721	755289	67355	234014
983345	525580	779787	286484	461806
383382	241835	736670	45412	480883
603779	549823	472160	573454	13853
802422	121560	974725	192936	232414
107620	51950	401342	928635	793721
498383	356441	52446	179322	24541
495936	384573	232256	254426	800295
52388	433691	217014	311504	955916
991262	197345	714106	170653	538703
156106	197269	230088	745485	393798
933083	266139	93522	785639	56479
455934	67181	465613	581906	697853
29478	454205	722344	183775	999449
730060	188337	862412	502142	178436
245978	463986	431685	203883	22468
929334	529360	487566	475539	243977
207784	477169	741178	170010	249215
47970	903757	299394	95200	996430
905117	907168	267131	778830	25126
138456	817607	221615	92367	474598
46155	816990	339036	809826	209737
311598	595558	766802	150330	639581
828477	855589	497796	312841	143737
877217	37977	342345	162949	6093
268142	178137	982248	699843	891254
346531	882682	253486	780678	991529
887646	877112	425527	392571	773467
847281	464576	189607	436825	941309
786363	83084	295457	881917	39803
29421	335354	362812	396351	12193
119306	118309	849940	88487	877155
310622	337517	31155	802079	935767
131307	111472	10196	136984	586325
238998	161811	177857	77758	368869
275787	691622	451564	411882	712427
877601	929063	180999	106873	987867
677559	826179	93650	887817	24421
531649	168326	662320	982956	464004
234971	133341	33944	419566	334469
839810	183550	37345	561404	51424
508499	707070	428662	589531	19197
532964	972934	915273	648939	376492
765941	542299	507694	401486	641774
481061	715770	325223	640346	951888
631098	480550	542813	580878	890597
375749	682557	107154	26989	321540
213714	191059	115666	436295	935074
141258	596721	498997	533265	823259
976883	290737	491444	677899	487206
610455	702463	834025	26282	924836
667308	766725	755219	187205	954229
944002	589452	976734	381067	413606
992189	965899	169840	400004	901822
546872	253362	204868	663983	812521
514992	429961	12538	399103	281954
481797	189307	430062	642268	102568
78087	289250	927588	675964	422028
995847	548021	987090	694509	633922
589127	882941	902223	554207	469236
248628	925471	501787	538669	748359
161961	670649	153731	794154	438841
377125	563730	675953	699790	973571
720808	343352	558564	360167	543103
375943	873375	229598	153225	73676
105770	881683	286817	604876	305520
125754	146951	655180	182515	987744
925872	567668	359185	616141	515654
306770	264360	957482	129145	453303
568082	822488	576346	422248	69004
150663	46831	16128	290862	138844
983313	44104	431461	590646	95389
230567	253382	267625	876221	10461
532327	642657	25764	648132	492647
601101	18791	899868	102849	583620
239331	816443	795348	25836	384537
838281	38424	895885	261527	280203
64454	942514	712279	951964	357614
822558	584745	37473	512497	350497
223158	183754	415264	364011	57430
940140	160324	757589	785179	202864
869953	573114	998861	129825	453399
997692	254639	176585	906506	960867
36128	580543	646954	83000	909551
587212	436480	387932	507071	910007
445939	996288	9751	246223	929996
664797	747945	946024	905421	534948
929172	792378	822790	830194	477863
813926	254737	102491	13885	640767
788445	112636	649686	453438	927851
321857	940975	269982	302430	554542
200916	354465	556489	440406	611219
841897	178025	429740	446467	834215
437331	685506	154360	215133	378610
627356	661538	338235	750496	795475
100094	953797	139245	881759	719242
93870	957144	636509	934847	459873
64025	631366	821962	987940	649400
375304	810889	110419	9872	431215
407310	961848	635827	133892	155882
602595	626063	684857	740633	122585
229335	206848	365671	169433	529749
345671	313103	453244	278718	715076
47229	535318	399014	604639	773817
845111	847416	502253	712139	210565
127193	780568	819742	328179	194989
486387	422752	460371	995792	115081
234957	648067	967928	213658	46424
38813	792802	234391	213243	923941
93330	275881	569843	486984	481351
293736	108424	684003	34277	399548
450098	377837	45846	495903	5660
199622	407254	330371	283408	138983
492951	513602	906205	159138	706027
447502	519834	87575	834316	69410
311702	613674	420024	55421	412202
528721	29228	100808	225087	776272
142879	982327	246761	262169	642934
493248	68659	654434	942110	348405
354543	747408	117981	505878	758501
928354	202113	592638	351216	795934
734645	404415	114091	288907	344697
948789	616725	273490	35445	727789
540597	475346	285863	650990	284176
392181	422458	703529	425213	971096
714421	263776	837731	299742	995093
555232	272513	12064	13161	214277
204142	710604	621736	553005	867778
962131	126917	981555	584828	789892
332664	547732	748649	513806	275421
294722	217504	845168	606639	676082
729483	567975	425277	752197	581348
517360	876997	837875	743464	279527
910951	104548	658252	12283	221828
406159	915000	601909	410637	153560
897097	334273	334616	466738	50431
527254	286358	816282	173682	928314
510305	631099	136562	753078	490295
633559	238632	914356	273772	145378
187972	286446	718379	215642	558914
213401	161448	67236	616651	521806
971033	86425	591968	801318	666802
977857	308409	547104	156950	912580
654841	901175	760479	598762	967831
274348	307180	879463	570888	335668
962777	686986	756914	997437	259551
827586	187524	894146	819068	167126
710492	976740	344589	207428	956173
98000	294693	937865	557185	711554
322560	786962	978991	265119	219161
505671	764414	981534	493125	716264
220739	892253	770353	469567	33377
280742	739619	685014	48757	356050
297549	512343	146976	168913	419352
416009	355633	402452	330889	765091
858143	333894	461088	503430	899483
598455	350990	542796	567405	745823
700392	542284	83095	475183	522709
456393	778513	683139	140640	105451
627163	275239	120035	553018	843300
717966	547832	87307	609188	600771
703670	891043	412924	614134	669475
622208	906386	631834	179731	871375
162900	337739	307803	777213	138835
117023	647156	639745	920492	711364
642477	844483	302099	140281	534412
278277	760024	428505	418759	850802
22830	656005	780816	616942	847752
717660	789245	638647	821965	684072
399741	689275	666417	479021	876588
381098	819179	522282	569783	686190
616111	308141	500276	106162	734103
356824	347207	91866	50312	873590
383173	313447	738495	544847	596235
569008	618744	838230	316607	879280
410312	712000	156095	925864	204673
908259	569229	26848	493812	208747
657	57931	352230	969840	200171
999990	538019	297937	786171	504923
653007	414593	258608	934617	266427
782563	67383	231544	788089	249721
442915	381003	261371	168347	718598
802146	848646	729598	149044	952497
224221	700547	555542	343547	363315
964765	426974	935831	730271	407131
93156	999962	543913	59415	69752
674300	995984	844657	168820	366244
281818	755087	804795	605354	148252
866174	635830	667802	598257	633226
617835	554626	359888	52446	999075
155270	952947	66830	610317	999402
762113	540358	831613	592445	209273
659575	256088	619966	547103	891422
537294	385901	401784	331632	19514
622700	817022	278738	421450	288263
312832	537858	503690	527419	181857
507597	574604	601268	429415	443026
6179	576478	750759	53213	956811
585523	790922	492709	915905	60859
438803	527624	292307	135103	703024
335242	314752	612562	405078	53079
753219	795548	231300	430292	378620
41939	810268	902978	521703	883388
329824	342095	667482	498193	832
487668	329960	342068	609528	55555
511150	736570	548033	652430	594366
506711	505731	549043	734328	839634
406115	395082	640238	669370	148110
232671	88715	169068	519869	46416
537080	773860	424036	129145	205663
243107	924873	177109	350485	796661
763414	679122	746634	949030	382884
696983	793023	343008	41890	341215
80391	71081	918581	278320	585456
900245	819870	53653	530976	936872
674065	476585	549171	188866	556763
685686	207377	258745	406882	55846
694614	801052	586365	595461	567716
93395	768263	818112	596700	652709
144117	850453	244397	370145	319121
101802	801219	31710	850395	980997
686992	583144	675986	692237	620360
390055	692270	969868	60017	579460
551899	259147	448025	862232	892261
603779	946888	578932	538993	876588
108671	378700	365698	542292	811955
766124	523527	141411	544302	510386
243213	64752	901994	549320	513808
787035	406024	212143	385631	879144
938270	695042	381225	892720	7145
200245	964902	563061	289394	904664
647405	469507	182824	543493	883896
289956	478828	437733	838612	339508
849489	916729	768557	688836	213007
104060	673319	288669	528954	535403
99266	796394	635121	189881	860313
189892	84404	366398	1690	512187
380610	149589	339019	274517	638697
377828	787006	103989	375196	465316
25023	35037	858662	108812	131770
9768	335469	5311	120707	729118
285974	587820	490582	746456	645523
123544	514008	967303	800417	230272
175892	919297	409397	66734	67296
532459	564014	178810	17006	898322
221530	437347	720962	187336	623215
160823	851050	755214	883687	479647
558106	391887	7508	234675	356339
733956	251362	988807	854126	500461
342226	350860	12220	442201	633639
89154	421779	85478	472407	71903
237755	310374	127746	817269	353149
4703	959228	458110	136829	63433
912429	500467	639292	752359	204623
437116	215914	879645	704140	739979
517869	784078	535402	601140	995240
226104	842961	55384	301415	275853
590257	519377	730696	139892	858451
533924	967425	793944	846747	160800
141943	797578	600064	413481	864948
569151	280096	21629	577184	501034
235318	865410	903756	977249	304531
484741	110367	743795	256026	777966
227632	775017	367415	759636	194349
503544	671771	939965	6722	509302
957427	821432	265254	346374	309737
253374	201604	244875	652763	145032
767833	109707	611567	170118	902501
737184	71766	987953	547705	874390
207862	993025	794498	921011	987321
920347	857695	418778	245540	750507
772241	92094	95557	715752	186795
653937	116066	533485	204403	57524
231337	236381	127560	274735	841906
780760	811594	425452	355212	235158
778156	862834	116513	853605	226911
963393	543411	302378	496814	445944
686434	135094	746373	391858	219488
591509	248347	981453	455011	276610
223388	836817	142559	59538	964582
587531	777117	976332	544604	176581
347214	13137	838881	768041	162854
941640	227795	676293	984126	54273
917000	518644	11739	440045	388955
8548	584243	106224	885784	340788
109003	401529	82565	511441	142875
775877	580048	237437	739969	364953
273673	364867	524061	529782	319463
835535	120359	120829	951703	272076
777758	331509	456594	246809	935135
793337	906201	693087	913336	66721
145155	801445	63066	852934	212177
248564	263851	45905	493750	159899
961242	355261	717869	10403	746224
1877	490801	240115	991146	930828
614542	503048	854779	700256	452438
6066	554296	107177	555105	865147
979267	479194	478743	654368	871875
361902	802382	467233	227820	343980
763751	454437	527228	247032	190609
394364	281602	297128	917154	887553
694684	285475	82256	364890	847381
12650	176834	608125	746647	251579
135417	839426	298603	996287	52383
828096	137417	816597	239462	64877
911771	200028	737277	238385	341299
338211	683505	924367	833991	300442
377939	395247	217326	336182	91027
163576	605996	932378	507798	825975
445946	432750	60991	811105	964189
652881	845914	855408	375995	443448
920544	973321	601005	680087	705298
384651	28897	585511	866709	469634
748783	484648	325799	809953	141795
807347	258357	215747	538639	28353
114109	282968	347364	271300	36454
241603	327901	580228	433779	643953
566241	857400	225749	990635	927632
597618	344318	794083	312021	361029
705290	775893	934299	154811	453443
317780	112609	649970	574875	280465
225324	182386	525711	23915	785714
544385	118876	904745	27457	817983
708207	732574	692595	315790	706148
97869	891930	556081	970847	738732
518989	703753	175805	538904	880094
701329	307052	487466	958210	478893
827834	107012	267562	546958	45317
88533	241218	464855	883389	423739
956929	138344	140635	360472	232209
783320	287021	458182	902224	126490
970802	935159	149392	707958	20931
135123	585884	978338	463589	549449
484097	232079	113853	81423	914476
772345	77480	27772	545352	302099
230024	512332	879837	164174	84953
161283	454815	783984	4113	112687
768955	437038	328401	143575	784500
594374	106728	618069	55131	423305
895188	248924	518019	386225	976455
312133	18739	216038	587774	974492
806788	835653	895734	26162	611007
1490	954003	832116	189602	916021
186748	699774	203045	68428	897723
692569	924236	724393	294726	45285
829691	568793	885824	737465	710039
46415	682829	609471	829414	664835
212430	672258	885217	218245	230113
540477	2587	452713	978742	934354
795779	691133	534819	165660	341290
42654	404287	398783	494800	220829
146891	670786	835088	399165	281328
575789	100031	972774	677359	340003
566510	111529	814540	720689	391145
183810	110500	348309	338241	680202
133654	312209	27799	740137	660807
755845	393829	332899	881588	503860
943990	529804	674303	383137	275951
637533	507260	519848	400251	658134
87575	838122	488936	504105	910387
473576	745216	588486	917933	625456
560355	926063	348882	59310	76710
443046	124564	594830	767964	641906
103550	561319	823440	809729	62943
856454	224123	94619	152346	105591
1665	438542	32992	459828	590923
515984	107344	200541	441805	330508
168765	934974	16184	382429	347845
442475	90269	829312	762819	278212
571841	425172	989712	766218	694845
237338	109442	628296	506926	157530
754785	550307	214996	821961	948553
294210	969598	558207	343098	791041
556236	785699	362926	564786	189453
230657	794032	455873	659843	910774
162074	734022	938204	301401	806513
86251	426108	921744	547556	323187
657689	539809	504875	491682	640352
256271	126595	519782	35213	997815
982360	701342	29638	56543	517817
539086	631301	351059	657232	513072
266067	927652	88062	171271	416636
683698	770104	998553	664306	520470
866561	887527	538820	733674	240801
719948	900275	477421	410588	940617
300691	167196	962911	857543	165960
670732	348793	99626	751594	836994
79300	851239	667767	702159	48375
711843	774794	136415	90634	848366
233741	501056	133830	384216	582211
106266	182712	345222	893677	875339
128842	66198	348928	88298	552653
140161	72748	760795	973790	772985
27625	79877	451415	48688	117544
123960	897817	89128	301535	759631
577525	220256	150247	274726	830888
215802	223959	390161	795324	975516
282872	205893	395926	901361	646633
502394	189816	150474	712774	431280
95434	813688	637258	647682	728604
669153	64146	37656	957552	162773
631423	319391	290899	155806	447659
872262	974687	541576	354882	995676
595279	638312	955267	795081	55694
163754	544055	891409	655985	970678
923244	612670	230919	410381	808959
911944	186767	683839	3204	893940
522027	829810	376770	822518	380382
385899	815028	23512	312584	946018
336639	463869	786531	128918	292297
366656	405267	115563	971007	185321
723323	729325	690399	935474	662675
5277	390497	983655	217538	975350
15862	649705	105743	869819	927291
162846	472586	234076	669931	15686
410929	137441	407775	342932	77624
96306	485276	437733	395614	926862
211929	266584	245252	593828	74262
381354	916306	180342	289891	800034
640995	704725	668548	247211	943698
475137	145069	608815	510278	511084
915520	255728	616157	119918	235851
619241	523636	866756	410246	288013
522207	942884	275803	352381	630561
281113	903439	964805	19484	188980
228708	740742	425076	208279	847879
613997	941441	683539	791034	635480
295891	495407	442867	861856	133020
282148	207269	394791	783535	656831
394509	176630	873764	400971	996223
178669	787359	566515	355487	948689
546582	503255	354063	675193	635730
532188	861823	383411	233768	284801
986406	524615	885467	721875	911753
714057	745772	867309	289039	37146
503388	571173	431724	466050	177314
287992	801652	920053	69553	763209
966768	535932	558063	865857	877958
350313	684118	25024	328901	626539
441056	428492	121881	326872	102088
162340	798660	919776	28104	531425
329250	575563	376148	152444	911808
707077	772626	449496	396469	766589
299700	30011	448669	420854	616407
374893	229687	774739	80780	713692
317816	793102	811081	859630	491593
666678	155581	378675	896865	336337
347732	773082	83643	222222	448095
886928	220325	808461	413059	928124
345634	488643	340224	37886	64331
65978	418767	905887	865718	509991
129740	202530	611582	963632	667780
216547	280754	32420	768532	753255
125763	337111	875793	910527	14698
845932	581875	662087	317926	692156
326756	275950	579552	768662	199545
331558	371845	154424	757949	170419
340180	717905	402105	143810	595126
843963	408373	275371	714375	262344
310461	756461	570361	540366	172816
517414	391841	795317	177081	279922
167451	2713	232103	531404	350401
743856	267442	188033	204514	37631
99904	358686	718186	671977	642989
346816	238893	415778	557958	704243
699795	858098	416775	746982	560066
308318	259223	327867	893200	362169
183683	675001	250719	500656	70814
86348	526037	947902	828570	123932
34297	240049	623939	381314	954737
248747	274180	658210	766298	274183
370554	359870	729434	635624	981625
500073	532173	641492	959192	2040
591804	122712	422381	737069	534363
81930	272566	83056	617184	546279
631759	386156	297975	917230	55389
403627	458113	93719	581029	357450
597897	362878	971543	291491	359175
877558	252658	143714	827642	228698
887695	426478	153993	432741	812014
781001	739714	209794	968467	294875
778173	858970	223976	677491	73377
906685	355680	291157	913503	845271
90189	260255	494121	486620	813574
729349	580105	533552	279256	320662
144779	315681	567456	418050	400788
24	924650	893253	863555	375242
47449	807361	370065	659349	911552
140038	262165	449590	982178	453320
734260	636951	969245	592903	31693
900100	871415	473574	493953	886135
779606	765038	525232	623400	746045
776396	399509	249392	175167	630839
29792	850860	617997	69115	957990
186670	716598	645648	748202	290607
486658	287399	593062	294257	714511
809664	508167	940963	223268	278748
785651	215559	788304	736523	555143
990775	139044	600643	909563	746675
174517	665294	276334	277318	641468
68579	558975	857386	594350	321194
289925	772314	64908	282201	790240
481590	638326	286020	645335	711922
848170	644471	438758	283850	944583
863908	769050	263226	992283	647854
813547	283206	936688	879708	698036
960046	911676	948469	926452	102891
947269	979583	932059	92880	553331
843650	643027	924257	333462	844362
134499	747314	436933	651036	447925
336273	17216	94382	597803	36565
946788	728396	868038	445214	644262
875319	81891	214976	636536	887539
956731	748372	88908	913065	415853
220160	292501	176381	17601	683863
84639	421166	282678	967068	744599
540358	693207	317543	536745	418907
364655	379204	961097	51960	136294
315058	558394	928642	533148	718812
630532	215106	24401	192235	163077
222569	25441	958922	957284	750408
378978	859297	171937	235968	134738
868602	116324	678289	20933	70691
523854	451643	683674	695277	306078
629477	366859	485643	162615	960151
918694	494594	730979	278538	369219
417456	448542	710905	184774	602509
180677	358316	108034	232246	517040
72694	442915	350330	296034	794453
300878	405390	608053	144121	908711
809299	774252	85291	782128	564916
181550	316946	637991	973388	890494
294681	421307	226323	565832	714789
792023	260690	493573	461087	675333
573029	743911	734361	751781	206008
61943	205968	389218	638107	545816
920338	356120	491088	919182	288759
255944	617510	571946	196783	386636
164769	679933	618120	209044	733133
703469	701058	648328	298801	655964
705860	377609	17401	912338	857715
677927	261066	320035	731198	966272
723434	226860	739360	614655	238263
52372	324473	209804	627690	749284
15129	821709	786825	925836	766833
218848	884567	412001	103531	459329
742033	822687	632012	657642	332828
475416	113116	809515	631298	732339
433481	491756	451319	7027	883978
586159	131608	58862	59523	964452
990102	888322	913298	252178	451443
658446	307997	366866	120275	932796
709482	601731	377916	360080	324737
630917	553617	988784	946053	955866
314739	831195	492506	492000	922750
102827	880387	574678	209612	631267
415008	719306	155206	826473	426912
765347	668275	539547	966930	611538
103716	133452	793569	782361	754792
216197	592498	532428	884995	886264
440150	658263	332531	383742	605275
522526	693555	910715	242180	205199
697935	994068	103840	954956	997658
103025	904326	148582	175766	870224
975228	780852	338835	349758	644676
573640	658008	15668	390998	546850
327013	263919	609673	669980	52088
258318	254900	735515	879868	57439
636174	159925	440101	288751	488747
109049	784054	590009	278253	458396
420540	445700	573884	52629	771154
511862	296750	394300	773092	755216
911388	871643	966979	355552	596237
982180	134754	270285	304913	891899
671088	108409	332111	570004	383127
710662	844662	644791	214884	817392
299489	231520	934114	346857	348654
643258	118693	460320	626638	233672
485247	148734	331633	311333	237869
264496	51310	241010	480451	122977
90567	396814	587524	141738	280792
523454	281181	728557	270884	82043
623676	256458	610604	366805	87618
590578	752086	182788	86644	896977
901465	236032	306661	396312	950003
503444	666018	433562	548042	964095
613117	489888	594548	607780	184929
95829	131145	594268	147477	735509
466842	163663	638128	764521	686067
235454	428915	924175	752981	388225
722903	228935	977977	387652	532484
347908	283592	475480	504834	441360
975482	745741	505144	274672	334786
839030	832692	683806	737155	93967
866164	242621	359010	974925	273509
27702	417688	251464	836122	951939
992758	153822	616526	876569	785689
693193	694744	868925	7683	26457
720510	34219	186444	524589	907143
61448	22690	997223	421323	517128
616175	2043	866978	435189	937462
240802	575183	805205	569366	940534
440163	254011	663615	670150	227898
279703	155505	638455	186507	680531
732854	639409	905035	998699	386405
182169	572420	659734	390576	46681
188714	709148	127649	58054	153161
291034	468785	966636	946384	322061
466474	214488	504180	932457	837461
116182	877776	576301	569996	941730
684632	134396	601368	833057	45760
798302	611246	15619	777333	579948
249296	714569	438748	968542	456932
654038	442597	707444	902611	413199
246034	563791	520576	411498	444361
206687	743170	120038	944909	994
75344	84919	172120	473900	492403
877181	376716	479698	497045	413120
536133	798207	543060	322497	512491
893284	179987	942843	540819	452592
807053	984773	668577	159350	381508
631710	660243	884939	485789	632005
356131	47983	19494	878008	261012
319369	566926	108801	229242	372608
850593	550578	90622	216863	118085
974719	611081	870323	165223	366529
750651	920007	195459	503475	856516
675898	353546	554988	333717	296512
439788	614860	931825	567026	772693
959638	420830	968066	583106	77529
873681	137206	646529	778028	451347
13427	933820	946403	291361	960602
192705	168511	132450	822905	444720
570458	461185	790958	632214	79289
358444	838789	613852	169283	815769
967907	995102	851199	422759	723705
612681	573438	339497	519379	126078
770917	852442	543740	600997	970232
585820	274505	102763	834997	8762
737074	421857	848009	668578	237460
977291	428568	174671	588526	349297
666364	691641	480498	808432	381208
598242	687452	591709	800767	209362
744708	923424	207251	735439	919762
237976	60929	579669	251564	463450
677699	730325	416619	393793	736679
143258	277769	812999	434976	474567
491634	580910	162540	562038	41443
436027	470980	746988	890065	338132
822902	134712	818581	628336	941303
567385	921801	951739	643147	661138
956247	673415	694559	562986	654825
847067	754664	157089	966947	627113
350956	18375	740377	376646	295527
985045	803757	128832	33109	931540
889769	603015	615051	656847	243240
586221	498675	329038	109397	778714
418852	98117	411379	677988	15395
781062	691694	81129	904977	968110
448803	242271	141956	917142	302334
935809	194654	537579	72731	741897
712854	737220	350287	209586	816223
307898	178063	949274	901687	683611
28413	511764	366276	284390	34864
516482	343259	100599	362714	792461
501441	549114	492397	676361	189315
662804	181193	372269	183628	35288
483909	666716	310968	343900	251479
765264	876821	453419	269501	769101
939887	993710	897742	860798	229955
494680	417037	491212	547562	395079
999676	150210	974985	192643	732250
275103	679453	962060	599708	152750
208711	480214	157231	633511	83973
672266	825954	540515	820028	625331
662234	702970	346544	921705	654012
173344	458146	705036	223924	292819
96285	642102	935852	235385	196177
604079	992187	661057	230712	969711
110678	494740	664686	52208	742459
90011	964939	117632	950737	692511
701489	145749	17339	440340	144942
819275	139739	604847	794803	453534
230467	380837	54149	840849	563416
513152	37743	834156	699202	440857
815094	800182	883012	8678	289955
400406	263932	929909	766890	733539
495003	719212	411619	967464	213254
612437	966373	791553	216618	576023
148469	111138	791426	421303	808181
771722	681757	959789	715847	608147
159594	82206	205125	184265	91347
502092	467782	172161	310899	691371
24193	989582	343779	541480	472209
855931	627347	121965	629832	307747
594038	508830	289803	200293	578560
312	606717	261655	194253	912815
874518	314868	370876	308928	540135
134634	317573	402195	716020	122618
180477	633417	101647	961625	521284
709646	575614	225410	162533	883602
982669	837069	391403	540283	998199
688173	457931	515112	106205	272648
176847	681220	559461	12482	682579
796509	329191	721019	415564	611527
779214	980508	542367	307009	939179
876938	66394	261017	785668	267880
114933	996895	323428	387999	106553
652313	881446	179803	900157	486450
415158	841988	127084	684078	549326
278249	923403	122425	952015	736383
290943	417176	69607	897516	276149
717738	953248	56150	186872	420385
325121	765151	789549	860945	368090
183069	456301	467254	544464	40045
429284	378484	145864	483441	345088
246772	837439	741149	528614	358485
723421	287877	286760	519315	839554
202576	487236	234866	837741	408369
958382	711719	543925	752666	639865
59843	548955	2988	351190	193862
691857	613210	980479	438638	603242
565939	649103	516287	365963	129731
783371	779527	29771	344468	711488
135346	653890	180476	887166	944297
232736	288779	301409	827975	575393
197865	231779	698518	904915	847725
381128	132123	539333	145295	84392
59092	722994	149951	737761	256636
691455	818924	813601	743481	268574
989549	707447	904130	448552	920935
755286	909356	663723	256867	19485
510384	222316	665413	889031	330251
592603	521712	762256	454041	220151
545706	978519	247134	271761	499066
844804	49282	378121	676077	323282
576614	296976	998767	454640	476860
60546	341387	407966	394042	52048
88143	417441	619397	666390	44610
609317	443568	728813	397773	500465
462842	370111	387071	364817	414247
502859	121712	441683	436381	929931
479568	576963	580792	776768	292950
336586	206771	560564	201948	181331
517386	607293	59346	383280	612394
440318	645644	348962	728816	852627
133210	958545	716098	138848	939532
344034	327382	581481	800493	120750
561387	201215	844183	685716	63016
465230	198903	486727	142037	876695
331538	818887	783643	446390	670309
682193	36110	510303	461900	348878
241185	849158	245163	406111	374259
711983	865763	161426	417168	829800
851346	600329	868314	110070	830112
34246	481613	422387	128722	39391
719825	121250	141696	803289	482902
695012	760975	46092	926130	929099
86167	657789	112992	48639	37972
810621	920481	732360	313843	223365
190503	548955	580089	155272	137572
518062	262125	931860	870251	851240
416423	187654	923654	734052	13888
824641	27939	314626	561093	8961
426375	395996	632774	568449	570549
230330	736671	63054	643563	910158
290088	241676	633276	934772	624316
823542	190617	849811	322316	440310
789178	519032	570543	934690	764691
425569	363267	450036	130611	24574
480950	897113	39782	781122	838826
718430	920821	936109	846509	113122
605156	689005	432421	218169	589096
97888	67829	917580	911459	365604
925429	473592	761610	233446	986900
877554	86356	318102	23391	833470
120268	977683	649350	515352	557972
477987	354773	244406	415316	153041
978000	928926	377627	454201	476392
526341	731572	680911	162593	227560
573335	696667	901788	281114	98305
366756	576449	436611	270561	476872
917398	300022	166150	661953	256215
211290	207648	188403	475334	25297
824455	225283	498685	17695	585510
556776	267310	498067	289580	351458
658521	274115	134217	545436	985080
863429	526396	862435	803964	117365
747048	874600	896078	415801	970901
570647	852140	627966	726740	488553
808776	140308	585872	704023	542800
631645	799649	464597	693631	53641
316158	628541	841721	312702	481887
260645	728409	211333	67953	566009
663118	744373	270684	326904	358821
852749	710882	533868	217537	43138
905600	165963	509494	37283	44699
14450	154731	325408	59850	280923
199756	421253	375041	703626	993967
83166	718394	487160	778218	34823
525347	274489	31447	807417	225437
377353	32747	512808	816184	236690
230347	378536	767406	37977	925348
354699	76859	174377	180914	854599
522454	305930	761482	822056	744101
758142	803302	776257	680939	23437
464136	521577	286586	549520	517340
830193	690975	739012	311943	658142
103369	382838	39346	448868	874410
183362	562715	334602	683886	770093
212783	856206	709568	659976	14549
922474	403938	229166	267722	431266
800569	687740	727703	207365	892551
398141	872904	733738	185487	473309
818066	172643	397302	592174	973547
265996	43023	263813	720032	613109
514385	28733	31980	340933	320269
748265	758530	896416	559540	831431
704531	974988	230634	841766	177722
979276	45102	387643	439071	215708
576990	826167	273581	970652	480654
448413	484587	889757	123883	137412
780986	960009	711036	483918	586956
881257	106310	53322	380854	714679
399405	801484	798581	253960	649543
826763	197511	529199	638102	956020
447762	978672	545640	457494	827496
884082	688397	155503	437250	726485
703379	817416	684048	485355	505402
700788	303985	169255	313379	320346
542739	363640	374068	37487	330401
657978	51626	996133	882691	857157
335564	833256	251283	332914	840230
211491	522130	186503	445973	796390
395965	603872	222626	851634	417097
656223	284863	919424	945638	497876
984890	30338	823525	204877	993020
796431	262310	951161	864175	261455
468817	518616	246789	702452	305338
934234	138226	823827	294545	927660
765613	717503	219762	657937	112008
268650	797412	700867	82231	654817
8606	988892	329173	193666	783880
342333	422085	134444	720211	653295
925948	664247	507879	99277	459774
449255	530641	55122	413140	42366
353346	567266	776770	595899	242037
770798	546487	206261	777560	814207
493725	721105	793496	44849	266136
292228	273810	663254	158781	239809
489664	87368	748051	884387	776710
100429	504866	968940	889108	12726
829602	116074	673610	106995	218252
653593	438704	594222	257926	609027
554867	5821	325606	516696	922972
216023	929882	570124	968080	508222
749233	797615	385847	154627	256198
115104	518771	444315	288124	473737
354974	94419	633272	542527	744948
339090	926037	727965	467583	102177
284196	954482	200582	229496	847700
272304	412323	774532	939046	524681
711675	475290	281154	123637	138421
902142	848548	916311	252835	803508
331249	278394	109043	501907	404098
177752	492179	124521	269014	560125
552292	51818	690860	771064	44168
77046	134563	521230	82587	901425
912904	877703	989333	723133	707478
107377	932989	251121	550506	854376
398015	298083	168142	761051	863388
206411	843701	728451	534522	901394
257451	555599	328812	555725	92058
842547	247344	271858	917015	291122
126521	240227	567848	621571	804858
247880	299250	914715	326466	63722
530806	138973	982786	837329	508872
290862	957569	442802	138565	358040
75154	397239	989979	66027	163780
348714	493816	718077	719160	475487
96399	489815	529053	866244	886153
380142	22897	263478	374001	957695
146261	672928	89934	379218	982322
556762	581478	904262	557015	339468
466456	265665	850408	602101	386653
107578	10950	869094	106128	337133
704331	830741	963393	518046	887718
960091	840907	471941	368971	893463
291684	593712	467286	899960	797163
354069	82822	616751	722812	108878
204443	617116	738787	634716	963564
63439	742426	449212	622386	852294
256807	712984	239222	877	382416
477850	804375	33032	851588	208571
977013	568798	836378	224089	855161
498110	986464	238266	674893	706289
829319	300055	302159	343955	995227
348059	96142	693877	518624	487418
735012	247473	652461	760629	423878
704864	762112	15085	280489	789524
929976	7953	892218	72022	951765
98553	853845	970475	133690	566159
695705	932295	142023	74678	651818
918070	718140	494921	539561	615532
740659	607132	857799	649211	355954
934138	635394	802031	937050	237148
41991	845332	893866	467547	410917
872227	223446	119927	676259	420412
886098	632413	236495	666228	413454
828207	946030	984109	253627	475480
830696	311468	107354	930598	812671
43793	944835	504784	34671	219813
969850	255355	439236	191862	163588
714326	650188	98910	30576	668715
817522	959624	432994	193278	184939
370956	737082	30032	110990	926000
819622	237995	418467	7020	437462
775307	545409	541594	748683	794549
827374	812293	181577	104355	978598
429295	217559	453087	822810	719163
857340	874701	196192	644001	645399
147374	291833	311686	567944	326275
167457	819425	30110	703439	526753
795829	786933	87297	35687	524945
405754	708403	587727	727237	291526
175938	421518	893986	653762	57079
767595	112038	978908	375909	441881
227508	432423	415184	545094	542556
186061	28962	781460	159907	320397
949492	583056	856033	228522	13732
841145	582931	531344	488814	37949
509614	694183	425633	680955	265962
303141	687943	202161	150071	979050
678488	626815	198646	729126	596719
627336	226192	562899	464758	287281
441819	770194	117890	263430	510445
331208	462563	814143	392635	347725
51399	177904	14242	774578	196670
866255	592269	77239	44698	149988
458244	497214	593049	618473	407279
847825	313189	868668	153779	16195
488959	140874	731130	101231	392680
806863	748710	555127	255497	174590
250621	556483	754686	693840	523221
742050	383863	613507	565339	111056
577776	290765	455228	518801	369062
112023	891447	451441	668583	661669
594850	781908	156794	23458	31007
815541	464401	613282	751587	63850
915953	953466	301112	845979	74454
354007	143368	143898	790921	529877
799171	691484	294935	85451	796302
606152	970035	605303	277466	928234
452473	953414	152258	550753	263156
483714	685892	42184	95528	258960
912055	182036	640989	818550	730135
695665	815664	690397	342309	614413
787505	498176	698906	47621	381006
45734	798609	901554	785976	340555
26638	427755	602766	900894	359218
483614	875390	62791	316296	441160
274205	509361	212216	556121	189839
119490	389733	687399	71275	335808
672209	837896	458890	686461	294769
284877	73728	896254	855727	315885
783049	344188	812263	876118	194282
401496	377728	851581	915258	948249
167192	326210	661884	934275	833234
878150	565198	55799	130417	612508
255245	364129	558447	888229	575723
423932	641156	40195	509751	42213
82096	534520	555774	369066	954496
91417	634795	16942	72714	159884
575758	102907	195794	58229	680043
444988	112508	100275	585678	483076
716144	898144	975650	731000	147020
910952	425323	879387	254380	274571
317369	327855	680342	519406	617710
519527	61049	442264	753926	471902
855698	667263	192367	602909	580592
785415	475329	799292	953539	260939
674979	830838	452569	190750	907852
618192	283370	403977	655285	691401
329481	464036	649949	159905	344493
406196	357760	353623	638286	592393
852010	965622	628564	433021	918977
783175	806602	814128	681371	487317
781043	832420	489508	801092	508338
650760	732494	237556	418237	426059
85159	29395	505139	255839	803821
440140	855233	264861	43365	778570
437318	869220	883337	481810	326355
882023	382276	704539	147414	494756
462610	284529	849629	929309	421826
830496	957033	386899	25653	750290
322193	846964	47926	729651	449611
229607	276	730910	247834	953244
291862	768422	890287	526412	235374
841752	194959	22915	770104	720872
57105	683861	788267	156302	267370
782978	255761	652038	297557	933895
598111	289382	148977	89093	142517
36137	499852	905170	878010	42862
33375	323603	849808	741804	717869
243842	760153	604700	756068	908784
886191	39228	198025	93683	540960
279267	812168	510250	283303	894692
4845	192449	487794	661187	474331
978635	794418	181594	340255	219840
9967	325195	735372	957048	234051
628488	348609	765640	51210	14740
218466	850612	146857	961157	621320
192401	613577	10718	210583	880124
355666	542904	723285	51617	106547
97461	3133	300094	765370	739680
835556	712466	414078	476302	757007
109427	279810	304550	506744	910097
488420	17454	921174	873020	310554
727599	840204	12574	190095	648169
913599	13716	530267	646033	901723
425897	269546	785265	658369	831746
197083	547755	308429	143075	926264
782449	942497	714023	6312	460383
789436	651182	815790	516422	196328
76942	569175	71678	515780	372042
857443	865928	179452	93311	56123
351130	617205	166031	419551	859134
615288	427502	108530	598001	402245
883131	34249	881536	924808	874930
820602	279842	952565	94905	435722
649285	206504	473595	80898	225285
281108	536322	515951	255581	255826
838591	43043	772768	663548	377479
951174	549565	433733	751036	374960
698178	395614	995243	814103	18105
845851	422820	443361	84392	863805
732288	100718	106517	975224	162239
784870	808286	976996	806154	705401
498154	836821	523552	727482	321841
169665	800567	267343	407020	716361
275638	724056	877208	968543	807812
165695	848378	289281	939361	999925
910555	857160	405419	524539	334175
549043	76445	824515	757491	265523
319323	825782	153117	568906	606852
695146	897068	75870	572035	383122
581536	820527	19559	555978	929489
934116	227632	186758	525081	706673
553728	414460	296549	65629	719494
800879	841743	248237	912068	414246
73206	444781	233045	700782	97710
297611	317389	266025	849233	179206
372818	758726	731735	707797	275521
934698	971377	36769	517043	334450
957628	888066	451982	269713	156995
682283	266477	914029	806520	273233
622326	412179	808921	854296	299467
312206	934669	322747	452756	166632
265648	74957	685383	388884	668186
565372	209530	611183	139586	73751
452983	879928	907058	433793	338677
48147	879231	723910	928974	163473
867308	912550	279041	750719	517098
756155	216220	937842	78527	956944
312491	903633	235099	730883	970216
453754	819524	352127	758875	864694
788194	812773	33052	24300	393712
120728	817069	610870	148761	527304
864228	223737	581242	187113	401652
492427	493911	321372	270097	926549
241168	662621	900802	460738	969440
751451	606937	342099	898910	44851
152902	332889	970868	777919	216512
559425	407068	621744	792237	242285
572481	687357	778439	425536	967048
838769	413133	447796	610434	775404
2772	595401	761278	645182	654151
170345	688091	723307	517028	190351
642689	378677	974950	389538	349833
274485	866159	939314	707739	798692
669328	760338	8552	957080	862886
389385	591237	487036	245075	830400
10093	668874	514309	587921	997046
840919	182452	582007	904907	105770
44049	24120	595211	767107	646872
356919	238765	854055	655791	436328
108829	91393	629357	48136	167780
254566	244407	936218	110760	363353
294494	211893	490035	681704	559418
910247	318227	515615	854146	733098
656251	58577	302792	179395	698664
900940	887833	686220	318090	943452
581499	375905	940565	92137	90529
944011	634217	450450	389073	472586
423294	529263	318330	359913	875208
258067	537710	198582	555040	663019
430485	991056	601931	694965	962997
579262	762143	893882	640900	193116
228215	576935	578393	143659	466557
8115	257261	916087	114157	901492
863060	238568	301466	591327	283402
191847	997605	428920	948294	585982
34684	242557	279641	252159	220387
841905	354092	834489	783562	310789
655882	75578	30776	53181	688817
473793	194952	303377	898578	523431
730748	415649	13162	547842	126965
624785	911254	787052	749320	378604
327124	307489	566435	559786	529436
33241	668236	754778	774398	813902
471368	157405	510825	52755	738643
46493	969770	846588	88741	951174
319604	892245	368205	410834	505810
283423	778613	745700	559044	184259
941511	292203	262213	72190	616739
286310	985227	916036	589473	125345
612987	299178	897707	11582	244046
302716	655297	631575	181799	700737
67846	433022	344935	723713	683530
988509	744566	817371	702762	74128
262409	73875	443455	355882	805396
309942	613474	365137	160124	505108
354329	428895	314901	626696	819006
242338	575000	91366	475711	300761
911298	234214	162857	295258	272881
963727	903164	574122	471420	863211
799365	424539	905549	250165	706153
596707	794304	755810	681440	102911
686511	27795	386747	804065	243767
174853	868679	628352	16907	653927
868542	20155	890244	753294	369017
623739	180223	233189	953209	703149
106477	86066	661787	816984	914306
635447	376439	373559	769213	82579
207602	37410	929439	719590	558424
245031	611403	235222	422229	893940
684246	410642	840587	373258	567840
129865	965615	685734	383311	505842
18844	605048	719740	67702	541312
41308	12732	565674	344260	221840
663357	177880	167987	325981	846691
593957	615691	994036	28166	283479
866484	911257	711678	583229	510958
963498	432013	322110	399017	849542
201256	481405	637752	60522	180130
341059	437502	261470	926661	357894
581477	776832	304654	153475	105456
672285	817538	259691	236874	223713
972703	965212	183825	267323	463811
228661	383875	533984	804453	999638
237390	310010	52799	901108	191891
854212	433325	160419	2675	426227
773592	479676	14818	633847	14988
509064	761923	32171	813925	321927
165668	435057	992214	946900	174366
360254	117821	483552	832426	558893
995610	811281	987435	794535	491935
946172	290009	707738	217583	216490
159485	482002	524855	145735	683555
15355	985129	236001	98794	351942
762360	735314	194876	425207	684071
251293	94038	594047	436988	134586
636036	275262	241301	636472	242558
52826	269994	310283	353682	144289
515560	915919	522256	411369	47248
249780	469009	27935	584026	549370
115709	544966	483188	87284	437517
584401	630919	467703	400123	567977
458128	451072	307034	18451	987974
487783	359700	344692	423028	297564
60258	397847	879493	472512	507376
288069	942715	44302	770644	669738
352861	170481	5525	779303	295269
275858	838003	745878	842874	434055
416636	759979	128942	713478	606532
1490	145265	349629	467222	263191
65145	82850	262853	506861	642640
232598	194496	355059	717392	164289
19019	495010	173832	911508	385177
397927	799616	867133	385389	932752
45711	353651	523745	85938	93777
61842	2247	66311	58152	556072
615785	83083	247980	285925	578725
615263	840887	450701	152202	57923
833270	629742	554178	996471	524177
965893	520286	440513	357987	921797
502553	880972	74200	27660	840488
600199	992987	716122	961886	268030
42613	860091	401175	635247	366147
271917	590006	521442	741580	754728
514513	338464	975906	255644	54136
808141	260681	21680	169661	440052
795156	706430	936805	623908	374179
717556	790547	572227	811056	6084
820693	749741	300148	529285	212398
680645	854104	20387	867156	279384
600312	697153	154813	69550	356309
883593	54001	532919	654914	557884
220703	905128	706047	125225	171445
205538	388836	210501	399983	893152
804619	422431	709684	584372	271647
291157	467733	638826	790062	167802
401164	844043	997847	861421	314794
815375	245393	620224	432993	117502
589427	463430	608908	884549	838240
945518	212995	347221	732205	789170
680767	485704	928674	32135	160693
344035	333681	875109	313965	675057
692777	375232	192813	269800	342826
787283	769205	564285	87756	725842
800640	72144	701857	519172	473926
872413	170459	908670	49767	526028
648008	943044	733977	837739	69942
232877	431092	973570	168312	74572
236614	662879	186259	806340	432866
138690	748434	212017	826691	738422
405876	177464	634811	137462	609480
308159	747490	326347	441206	812762
269348	170147	277218	462045	890199
511908	830793	45052	279958	316042
329231	265045	234646	104864	420348
400567	270701	726078	441076	595747
782648	800600	332428	751304	98865
752696	791860	516431	751274	67652
16271	797906	334997	561560	598881
128370	871646	400115	572643	902639
686203	132914	366228	764552	75212
661675	160528	758955	693108	142960
999611	20128	494382	965664	497978
13672	413656	405822	784192	26372
4741	617698	76467	202644	52267
389201	77591	242845	92823	458259
304157	853786	675323	379797	585881
617613	380317	912414	772467	237927
119773	548715	413217	820985	189071
10110	223422	787034	458371	293221
44673	497699	651633	767782	947755
643868	687462	982681	434906	122177
277410	985577	148680	296896	977381
907230	41856	380506	530520	78324
902474	73521	171039	163756	774492
653355	436446	240682	269689	297096
203013	789680	191945	916551	843147
987998	353982	175830	580877	486746
733712	389282	376813	964850	103614
133461	752865	774149	277826	267228
388404	749104	691667	775099	277697
387522	342474	904869	962057	528818
768989	404728	657493	586195	133435
830922	830005	469996	120057	397252
493765	309654	582049	721513	564542
176886	674730	455393	446850	145791
289561	915936	234027	519524	529064
334849	862854	686694	71128	525464
958563	91571	701874	606968	170490
931643	513464	878284	374153	75295
999861	835485	214709	64767	256812
299666	655756	483381	693615	273680
300316	247628	348306	930255	918858
832745	80212	590846	6420	797968
585104	916177	655687	32463	824285
314109	208412	954619	605214	807993
350850	851214	579682	230982	235373
547244	630670	443032	71981	958424
12261	909929	392875	758107	904643
649815	157900	734691	37776	609797
767685	305140	347865	851031	672943
654720	695336	977784	136265	40085
356682	518012	996042	940333	407886
934458	461141	347052	329152	552395
254202	943847	182833	359359	745601
80169	184804	164009	711556	983196
980727	966270	952193	45289	172250
618713	846995	215180	447750	482033
467792	135478	945057	461457	785731
526802	583907	941778	226127	955314
7428	399170	935053	72868	207398
915170	75757	126651	317070	898411
811621	245098	397786	911943	108921
92146	132432	28720	965007	543536
389028	803197	952968	248279	702204
629695	245761	623703	179470	73036
948165	246136	937471	76745	857268
938043	701801	531079	397962	580
658614	50208	177903	228226	783967
154142	49481	906814	226407	977698
24280	447205	81979	10567	47035
840117	206134	764030	526059	813925
254479	284973	397	798317	921940
781586	370455	797732	478424	555852
141029	859784	269463	207588	878296
428597	340016	535585	791594	862691
548429	169326	206706	129281	859025
511706	215148	317751	909285	312078
631229	910242	510825	527522	6051
133347	346783	738380	22050	318093
661467	227119	72885	112215	482306
591878	723931	720136	88555	59437
598507	752636	910095	197092	959556
674486	719075	922001	379491	190612
497068	403470	616198	162261	310072
604093	491501	857984	208213	728662
385969	90418	802396	430095	248825
459113	169329	482974	11210	324038
760085	626111	516471	950991	384567
759488	490215	415840	756975	646694
847838	633386	995188	717356	448654
975052	519289	621785	754054	243314
266214	967456	51396	818073	106728
494744	563728	696911	144748	25213
615434	822893	402460	819598	182572
964087	750321	402124	526798	410172
69060	89456	65084	969234	672725
305528	783111	678153	286127	307814
194077	276131	231027	962150	111690
696485	786690	417549	450681	451372
29276	910169	877664	96631	330121
658939	868384	278598	365290	224617
61077	696013	236817	48331	96064
991521	355504	650768	423922	644023
984948	857779	208306	107291	384028
917334	826743	973090	128306	50203
281215	214112	679931	439713	370581
50789	333673	5187	148717	971039
817503	915777	166895	319064	940318
454205	758777	817025	995433	586782
679180	561924	740733	350253	288538
201051	561968	185543	204484	599529
136808	960467	811976	252269	851605
800889	5862	202758	891252	105291
706842	683327	189880	289649	721372
799255	152533	552633	88421	424326
67290	258720	321601	605916	201229
90918	178736	622669	378467	321993
157865	91053	434749	894415	837495
825285	442369	632809	310898	638724
811432	894507	375146	769421	501843
905064	702329	714738	665322	870059
83223	127038	603408	764724	393453
513855	245234	439509	695705	806113
692656	598268	226477	698620	490949
55566	866917	673454	591907	161981
528687	620727	330650	132440	634845
82991	639939	139743	424503	53583
263886	347568	868954	741300	128703
804204	225973	44158	729623	582283
784551	798392	516597	746616	227787
240130	938731	888494	190492	643067
236989	502203	900289	964892	878205
376564	108228	490003	915948	846015
941337	200853	628478	302327	201414
742514	174908	606645	89604	766525
249621	519828	402274	115717	669018
236070	247665	338246	712716	5589
888443	89493	531537	976535	368374
680003	599665	938120	696394	157140
650325	303181	952185	587989	324005
207919	833228	926044	243772	18045
861373	316679	524692	147290	716883
68377	289519	26541	705451	889305
651485	787685	401811	616017	961307
385543	4890	25822	66062	343490
990028	356263	47277	733209	600352
617698	572910	980080	889809	567933
746975	881440	968674	982111	140154
995896	563189	302022	729742	22543
372314	584256	982103	916703	241569
576599	522841	219977	738717	44778
768822	238764	823704	568346	215981
491484	424956	376216	178339	882292
603933	892287	604015	319728	444175
733055	587107	526228	540590	668293
413625	586087	515209	968752	443341
230722	630770	912257	2012	405132
900125	352133	125959	468679	390879
442233	699963	281019	239744	155527
638419	354708	996255	780609	523474
80192	648562	954979	860977	797128
590532	32495	2578	755095	921145
15527	437046	702717	164374	689126
91169	528646	140987	343846	941385
704730	57881	658964	536288	150900
809618	498296	401954	657741	26164
617327	877735	76297	343554	106306
708623	762032	6448	193682	937910
278963	771767	609376	34892	369723
422118	859633	523343	12846	34068
791399	833623	159723	562445	70598
786254	883547	664643	455855	554971
382285	166705	79164	370158	741861
439464	178779	950820	87025	621419
170653	898319	715072	33663	520431
989975	435772	36605	775979	163228
607211	414468	230734	993721	672566
731118	843031	97068	85336	954507
734390	335917	588640	784293	729413
725975	944908	57299	401642	255772
691685	801745	918306	319346	714528
414446	27348	204206	178777	470003
221796	714002	513229	387573	950641
106504	700442	874412	941302	551106
464910	794274	45607	976360	661566
203308	155510	288097	690796	158144
3935	314987	274918	615791	110287
51097	106946	735680	597087	303636
239398	196972	378937	91008	729342
960703	594697	335550	648211	130345
988517	122488	828743	506226	335209
680980	63432	54505	134384	991565
579169	275084	237381	19683	639007
77131	255293	44784	919061	450869
745079	504074	321712	15437	343448
836231	89795	87154	384118	63691
542671	193130	228300	117984	923391
106393	759809	688333	522435	324010
889321	469423	777119	245520	64945
141123	875746	669776	204109	680932
574951	908744	885924	394111	540820
813884	165379	628264	250907	786270
534864	488466	617772	250898	296888
407129	88871	401468	373548	668548
216491	156041	68537	304285	608342
639354	8878	637838	889536	826568
827074	291613	145014	717700	520137
778192	279135	483777	305160	7875
207008	862009	608861	66823	61150
637302	809358	556894	949190	618145
722362	401181	475333	60335	776406
219739	405978	54169	279790	553275
445141	890411	939593	819586	351690
30534	108076	839640	748139	708829
267094	2633	255807	622884	652251
221347	530432	397906	68698	963320
228211	994215	660041	999634	179061
285283	878993	497171	505339	802853
204548	15365	830320	373153	499783
380226	626743	329052	823919	585555
726767	54781	180906	778147	838525
680800	879104	219916	954604	674258
161424	328799	252498	302725	211173
782843	858632	963428	897777	664312
200724	630733	582168	441318	106322
392808	56944	960915	149742	660028
103424	587425	268616	843260	176681
455490	874764	932769	921995	691401
902106	629075	845389	691948	436071
524677	44008	674271	696512	566602
866288	541579	54668	761116	782776
361861	135990	278393	522693	393701
139203	259603	831467	992335	883950
242842	389422	599068	338308	674846
593085	665807	256879	880568	317996
321883	8919	953840	843031	835422
214871	750859	396530	527635	10253
716656	490854	615933	134209	744748
711936	620060	158749	241562	761595
650415	86004	676187	694014	808985
727490	14815	31279	566747	75381
405020	486448	526558	591377	409628
836846	635435	188217	581291	485692
380438	48961	963552	21485	517043
956320	330005	135695	357696	381449
675937	98883	273368	189572	462754
236872	536596	607550	568204	772566
347799	852404	765261	883006	932423
584404	112384	477960	598452	779863
88077	240827	242877	417339	742631
319627	659808	735563	153505	757486
641479	256331	348460	423048	96587
950466	124720	371771	428545	766909
486565	723019	450405	297552	213799
177045	1531	95740	866971	308080
471173	834361	30833	764131	784088
952744	771767	593529	375329	290263
580701	487911	213910	355379	668193
353341	667679	837972	601826	579151
432774	699337	718084	545588	165783
319656	730307	974060	263647	927886
897990	839980	882141	429863	997835
193998	944293	64764	400370	544579
509462	908840	385489	844649	921796
361890	841810	75054	758218	630230
595035	982904	404616	785897	913425
767354	38516	294311	707826	975019
201459	75547	223997	87485	88465
360695	914733	573490	58209	716777
603294	243240	353780	469872	457170
664597	773404	31317	649167	321261
155238	449949	300335	371071	501902
308171	72083	352202	17674	778271
797463	209808	169858	574061	898691
668454	574299	459782	283521	696302
749324	641184	186891	785369	524174
22040	137061	905489	255729	425026
534327	598616	903801	813241	218326
606284	668701	776125	908175	971997
378331	600028	300843	777365	303413
500401	170974	264493	37731	831544
550633	756154	12881	126763	44858
688592	28461	742500	652569	808745
379389	944214	15029	50385	188281
351789	745749	475787	83901	858762
963758	988973	670395	251263	551299
1715	492461	573710	153320	171699
287525	966979	382753	993171	247392
191939	212477	668731	840821	244034
77459	784572	714980	987493	343393
216015	311390	504094	992438	846306
696148	263766	728776	201662	828107
657045	353214	305243	187937	876410
367617	96818	146237	908302	351764
582920	486676	206049	268540	461912
201954	359228	321098	900695	325728
384068	961772	665628	173349	899609
763778	307700	577806	978191	830309
300711	296570	966434	536424	984681
83503	108703	606277	316335	216004
851985	905282	523528	724322	878299
116356	561434	687412	565156	451572
512433	947159	599616	564291	57549
117138	919545	226825	531191	441072
598492	699737	140963	875505	569839
302282	693317	33048	539134	915503
58487	115324	85426	364073	968281
106852	404536	374674	97518	3341
658185	616186	746458	157635	486417
578867	786847	542311	769525	346853
492280	832295	783929	743941	23611
675209	772005	740173	186492	576521
107897	244849	59419	551580	858020
966802	353248	834523	404747	252900
682859	575590	549255	241524	323300
231855	400686	837028	990912	669711
32471	876632	543354	897218	886048
356706	379241	778695	5490	634175
623224	419955	299441	913993	466248
90621	827533	274033	610465	284348
380152	326989	865209	335905	997470
972309	368675	158813	438148	247995
580393	793832	360025	981096	501447
453438	562115	405382	870277	911784
681690	851951	209724	957315	98545
757999	459789	805619	367316	125637
815653	627098	775512	688839	626750
538508	115349	569421	511837	927139
879040	101162	247411	402731	255294
855699	822014	377287	457380	331255
227257	106379	349595	118127	188674
313649	516809	13885	362174	628468
890835	507317	893580	745603	512620
560119	407021	925927	276144	758544
393339	179208	329215	973032	568453
987858	240542	274022	644856	470610
294294	178942	838771	74810	564692
177086	885803	896868	44866	356536
967011	321925	573491	685612	823288
132347	521812	352434	74037	741253
547543	327993	949066	958481	954039
188189	312324	496114	562218	119307
897304	504956	257446	279375	194154
261576	491454	864305	699133	484787
940636	32376	62262	633517	74586
104961	274480	349526	201222	497459
39900	750106	87489	408925	956658
727738	986213	105958	815064	645222
997482	250956	625587	853025	310992
215537	680680	571771	433698	982582
407227	591776	494714	393745	878147
406302	371730	161454	946242	77092
731929	177064	836519	391398	569675
224278	55521	227559	458084	112821
542223	446612	707911	119571	348488
144037	27704	534225	11924	310856
109273	996066	876816	60193	2796
142609	312143	494406	690861	103428
880471	87530	855758	123064	63188
921404	282516	803025	710129	447204
772841	352175	787419	874850	968262
950804	542515	762854	921831	326142
585723	886842	881531	627627	992459
285124	605286	154194	147163	489137
456225	552457	118369	915478	620382
346772	796963	322090	833149	157851
6632	467382	449532	437517	421804
619345	310680	704794	244054	790511
104158	660662	784717	364519	333015
125402	388565	324039	951215	346685
476692	733998	663711	686185	560054
90522	78427	883033	260866	788965
723375	279200	213762	534607	24364
857554	643933	222359	742321	400811
765832	967751	5689	604628	377767
196907	867688	329439	376704	889691
682419	569420	86027	478357	358129
860981	522232	850766	124352	896089
493217	46076	915999	312035	92984
790987	571773	135636	573428	446446
793311	93481	62240	584698	160609
586418	210794	330103	781153	699857
928059	29582	56925	177657	980885
539711	59127	375300	870519	828430
372700	373942	621720	906140	177714
418538	863277	942280	895053	451661
276545	311510	27775	886242	28859
870722	791234	916767	865062	683220
459638	580380	757238	842479	525926
643656	956838	222794	150378	275386
294558	307067	763987	247877	781834
658928	293604	658749	924757	708572
826039	237625	632210	654115	143266
401888	441912	665079	148397	787936
248461	511392	399430	180834	160547
479965	545599	237184	208087	880001
686987	315550	350530	592587	522948
39016	877420	118435	100005	943302
236763	382391	940718	576968	528612
34043	798084	584385	687269	242713
550937	950224	681941	309697	102256
595724	421536	416963	901736	662462
976804	788820	458039	604315	549415
385098	239003	773152	83267	713801
73129	552623	23280	543492	215160
879733	611425	416743	658642	744929
246055	423977	271794	244158	535804